0,542
0,475
0,529
0,537
3,2
3,1
3,3
10,261
10,303
10,153
10,163
10,141
10,135
10,21
10,187
10,2
10,3
11,16
11,22
11,18
11,23
9,5
8,7
8,15
8,13
8,10
8,5
20,2
20,1
20,3
19,2
19,1
19,3
176,3
176,2
176,1
176,0
175,4
175,3
175,2
175,1
175,0
171,4
171,3
171,2
171,1
171,0
170,5
170,4
170,3
170,2
170,1
170,0
163,3
163,2
163,1
158,3
158,1
157,3
157,1
145,3
145,1
143,3
143,1
140,3
140,1
139,3
139,1
138,3
138,1
137,3
137,1
135,3
135,1
134,3
134,1
133,3
133,1
132,3
132,1
130,4
130,3
130,1
129,3
129,1
128,3
128,1
127,3
127,2
127,1
126,3
126,1
125,3
125,1
124,3
124,2
124,1
123,3
123,1
122,3
14,3
122,1
13,1
121,3
13,3
121,1
120,3
120,1
119,3
119,1
118,3
118,1
117,4
117,3
117,1
116,3
116,1
115,3
115,1
114,3
114,1
112,3
112,1
111,3
111,1
